Site	Residue	CountINfile1	CountINfile2
1	-	13	0
1	G	158	158
10	M	6	0
10	L	165	158
100	I	1	7
100	-	0	1
100	V	170	150
101	A	20	21
101	E	4	0
101	G	45	8
101	K	55	67
101	-	0	1
101	S	27	31
101	R	14	19
101	T	0	7
101	W	6	0
101	V	0	4
102	A	6	10
102	E	41	26
102	D	18	0
102	G	10	14
102	K	80	81
102	-	0	1
102	N	0	7
102	S	1	7
102	R	15	6
102	V	0	6
103	Q	13	0
103	K	152	157
103	R	6	0
103	-	0	1
104	-	0	1
104	L	171	157
105	A	42	10
105	E	21	47
105	G	8	0
105	K	36	49
105	-	0	1
105	L	7	7
105	Q	11	15
105	S	14	0
105	R	19	29
105	V	13	0
